117533	
2	555
0	555
1	594
1	607
2	646
2	658
0	697
0	710
3	749
3	762
1	801
1	814
2	852
2	865
0	904
0	917
3	956
3	969
0	1008
0	1021
1	1059
1	1072
2	1111
2	1124
3	1163
3	1176
3	1215
3	1227
2	1266
2	1279
1	1318
1	1331
0	1370
0	1383
3	1408
1	1421
3	1434
0	1460
2	1473
0	1486
2	1512
1	1525
2	1538
1	1564
2	1577
1	1590
3	1615
0	1628
3	1641
0	1667
3	1680
0	1693
2	1719
0	1732
2	1745
1	1771
3	1783
1	1796
2	1809
1	1822
2	1835
1	1848
2	1861
1	1874
2	1887
1	1900
2	1913
1	1926
2	1939
1	1952
2	1965
1	1977
2	1990
1	2003
2	2016
1	2029
2	2042
1	2055
0	2064
3	2072
0	2081
3	2090
0	2098
3	2107
1	2146
2	2146
1	2184
2	2184
1	2262
2	2262
0	2301
2	2314
0	2314
3	2352
1	2365
3	2365
0	2404
0	2417
2	2417
3	2456
1	2469
3	2469
0	2508
2	2520
0	2521
3	2559
1	2572
3	2572
0	2611
0	2624
2	2624
3	2663
1	2676
3	2676
0	2715
0	2727
2	2727
3	2766
1	2779
3	2779
1	2818
2	2831
1	2831
3	2870
0	2883
3	2883
1	2921
1	2934
3	2934
2	2973
0	2986
2	2986
1	3025
1	3038
2	3038
3	3077
0	3090
3	3090
1	3128
1	3141
2	3141
3	3180
0	3193
3	3193
1	3232
1	3245
2	3245
3	3283
0	3296
3	3296
1	3335
1	3348
2	3348
3	3387
1	3400
3	3400
0	3439
0	3452
3	3452
2	3490
1	3503
2	3503
0	3542
0	3555
3	3555
2	3594
1	3607
2	3607
1	3646
1	3658
3	3658
2	3697
0	3710
2	3710
0	3749
0	3762
3	3762
2	3801
2	3814
1	3814
0	3852
0	3865
2	3865
3	3904
1	3917
3	3917
1	3956
1	3969
2	3969
3	4008
0	4021
3	4021
1	4059
1	4072
3	4072
2	4111
0	4124
2	4124
3	4176
3	4189
3	4202
3	4215
1	4227
3	4227
2	4279
1	4279
3	4318
3	4331
0	4331
1	4370
1	4383
2	4383
3	4421
0	4434
3	4434
1	4473
1	4486
2	4486
2	4525
0	4538
2	4538
1	4577
1	4590
3	4590
1	4628
2	4628
0	4667
3	4667
1	4693
2	4693
2	4719
2	4732
2	4745
0	4771
0	4783
0	4796
3	4822
3	4835
1	4848
3	4848
1	4861
1	4874
1	4887
0	4900
2	4900
3	4926
3	4939
3	4952
1	4977
1	4990
1	5003
2	5016
1	5029
0	5055
2	5055
1	5081
2	5081
0	5107
2	5120
1	5133
3	5146
0	5158
2	5171
1	5184
3	5197
0	5210
3	5223
1	5236
2	5243
1	5249
2	5255
1	5262
3	5288
0	5294
3	5301
0	5307
3	5314
1	5340
2	5340
1	5365
2	5365
0	5391
3	5391
0	5404
3	5404
1	5430
1	5443
1	5456
1	5469
2	5477
1	5486
2	5495
1	5508
2	5521
2	5624
2	5663
2	5702
2	5727
1	5831
1	5870
1	5908
1	5934
3	6038
3	6077
3	6115
3	6141
1	6219
1	6245
1	6283
1	6322
1	6348
2	6348
3	6452
3	6490
1	6529
3	6529
1	6555
2	6555
0	6658
2	6658
1	6697
3	6697
1	6736
2	6736
1	6762
3	6762
0	6788
3	6814
1	6840
1	6852
1	6865
3	6891
2	6900
1	6908
0	6917
3	6943
3	6956
0	6969
2	6977
0	6982
2	6990
0	6995
2	7008
1	7021
3	7072
1	7072
1	7124
2	7124
3	7176
3	7189
3	7202
3	7214
3	7227
3	7240
3	7253
3	7266
3	7279
0	7292
2	7305
1	7318
1	7357
3	7357
0	7383
0	7396
0	7408
0	7421
0	7434
0	7447
0	7460
0	7473
0	7486
3	7499
1	7512
2	7525
0	7564
3	7564
2	7590
2	7602
2	7615
2	7628
2	7641
2	7654
2	7667
2	7680
2	7693
0	7706
3	7719
1	7732
0	7771
2	7771
1	7796
1	7809
1	7822
1	7835
1	7848
1	7861
1	7874
1	7887
1	7900
2	7900
0	7926
3	7926
1	7952
3	7952
1	7977
2	7977
2	8003
0	8003
1	8081
2	8081
0	8107
2	8107
1	8184
3	8184
1	8210
2	8210
0	8288
2	8288
1	8314
3	8314
0	8391
2	8391
1	8417
2	8417
1	8469
3	8469
1	8521
3	8521
1	8572
3	8572
1	8624
3	8624
0	8650
2	8650
1	8676
2	8676
1	8702
3	8702
1	8727
2	8727
0	8740
3	8740
0	8753
3	8753
0	8766
3	8766
1	8779
2	8786
1	8792
2	8799
1	8805
2	8811
1	8818
2	8824
0	8831
1	9141
2	9141
1	9193
2	9193
3	9245
3	9258
0	9271
0	9283
2	9296
1	9309
2	9322
1	9335
3	9348
3	9361
1	9374
1	9387
2	9400
0	9413
2	9426
0	9439
3	9452
3	9465
1	9477
1	9490
2	9503
0	9516
3	9529
3	9542
0	9555
0	9568
2	9581
2	9594
1	9607
3	9633
1	9658
1	9671
2	9684
2	9697
0	9710
3	9723
0	9736
3	9749
1	9762
1	9775
3	9788
3	9801
0	9814
2	9827
0	9840
2	9852
1	9865
1	9878
2	9891
2	9904
0	9917
3	9930
1	9943
1	9956
3	9969
3	9982
0	9995
0	10008
2	10021
1	10046
2	10072
1	10085
2	10098
1	10111
3	10124
3	10137
0	10150
0	10163
3	10176
1	10189
3	10202
1	10215
2	10227
2	10240
0	10253
0	10266
2	10279
2	10292
0	10305
0	10318
3	10331
0	10344
3	10357
3	10370
1	10383
2	10396
1	10408
2	10421
0	10434
3	10460
2	10486
2	10499
0	10512
0	10525
3	10538
1	10551
3	10564
1	10577
2	10589
2	10602
1	10615
1	10628
0	10641
3	10654
0	10667
3	10680
1	10693
1	10706
3	10719
3	10732
1	10745
2	10753
1	10762
2	10771
1	10779
2	10788
0	10796
3	10796
1	10822
1	10835
1	10848
1	10861
2	10874
1	10883
2	10891
0	10900
0	10913
2	10926
2	10939
1	10952
3	10965
1	10977
3	10990
0	11003
0	11016
2	11029
2	11042
1	11055
3	11068
1	11081
3	11094
2	11107
2	11120
0	11133
0	11146
3	11158
1	11171
2	11184
2	11197
0	11210
0	11223
3	11236
3	11249
1	11262
2	11288
0	11301
3	11314
3	11327
1	11340
1	11352
2	11365
0	11378
0	11391
2	11404
3	11417
3	11430
1	11443
1	11456
2	11469
0	11482
2	11495
0	11508
3	11521
3	11533
1	11546
1	11559
2	11572
0	11585
3	11598
3	11611
1	11624
2	11637
1	11650
2	11663
0	11676
3	11702
0	11727
1	11740
2	11753
3	11766
0	11779
3	11779
0	11792
2	11805
2	11818
1	11831
3	11831
2	11844
0	11857
2	11870
0	11883
3	11883
0	11896
2	11908
2	11921
1	11934
3	11934
0	11947
2	11960
0	11973
1	11986
3	11986
2	11999
1	12012
1	12025
0	12038
3	12038
3	12051
1	12064
1	12077
2	12090
2	12102
2	12115
2	12128
2	12141
2	12154
2	12167
2	12180
2	12193
2	12206
2	12219
2	12232
2	12245
2	12258
2	12270
2	12283
2	12296
2	12309
2	12322
2	12335
2	12348
2	12361
2	12374
2	12387
0	12400
3	12408
0	12417
2	12426
1	12434
2	12443
0	12452
1	12477
3	12477
1	12490
1	12503
1	12516
3	12529
0	12538
3	12546
1	12555
2	12555
3	12658
3	12697
3	12736
3	12762
0	12865
0	12904
0	12943
0	12969
2	13072
2	13111
2	13150
2	13176
0	13253
1	13279
2	13318
3	13357
3	13383
2	13486
2	13525
2	13564
2	13589
1	13693
1	13732
1	13771
1	13796
3	13822
1	13848
2	13874
0	13900
3	13926
2	13934
1	13943
0	13952
2	13977
1	14003
